nmax	nmax_var	var				E			b


00	20	0.21415666019598076	-0.2825296432266570	50	
02	20	0.261240882398136	-0.4231361591162915	50
04	20	0.2704126458953381	-0.528290067446458	50
06	20	0.26101941282970104	-0.6156901769658991	50
08	20	0.24015858403620677	-0.6919771469960416	50
10	20	0.21134743222612595	-0.7604731178613156	50
12	20	0.17662837508560625	-0.8231170673335622	50
14	20	0.13731092356766306	-0.8811561684942875	50
16	20	0.09429386211388813	-0.9354483283586051	50
18	20	0.04822558193040405	-0.9866134919846319	50
20	20	0.0000000000000000	-1.0351168788915062	50

curvefit1
Out[99]: array([ 4.24780533e+01, -4.24889901e+01,  7.29816632e-05])

##########################################################################
nmax	nmax_var	var			E				b

00	20	0.33305900122279997	-0.3530201266687866	40
02	20	0.4058563601630934	-0.5284143436367623	40
04	20	0.4197056341355154	-0.6594253114795713	40
06	20	0.40476058254159897	-0.7681915761391613	40
08	20	0.37208445018813985	-0.8630222100199372	40
10	20	0.3271606807307932	-0.9480753354273745	40
12	20	0.2731737616037355	-1.0257786348965303	40
14	20	0.21216557020117155	-1.097694131247744	40
16	20	0.14553755259461143	-1.164896665398313	40
18	20	0.07430066150665793	-1.2281632036335932	40
20	20	0.00000000000000000	-1.2880769942792152	40

curvefit1
Out[84]: array([ 1.09565131e+02, -1.09578388e+02,  4.43186891e-05])

########################################################################
nmax	nmax_Var	var	E	b
00	20	15.331463307741778	-6.497504486493742	0.4
02	20	6.334453275317763	-7.527992560407091	0.4
04	20	2.9481072166949644	-7.800826131276843	0.4
06	20	1.4138651289121213	-7.8932555796865715	0.4
08	20	0.6877858164886064	-7.928028500073754	0.4
10	20	0.3392367215069143	-7.941968608014475	0.4
12	20	0.17006531228607003	-7.947833152109006	0.4
14	20	0.08683419201751974	-7.950403953547096	0.4
16	20	0.04520673830146649	-7.9515731973958115	0.4
18	20	0.02400158445850309	-7.952123146124333	0.4
20	20	0.00000000000000000	-7.9523898886018864	0.4


curvefit1
Out[134]: array([-7.9406115 ,  2.74285082, -0.04329665])
###################################################################
nmax	nmax_var	var	E	b
00	20	982.743644678305	12.278002018949657	0.15
02	20	537.1348766419503	2.35448742279577	0.15
04	20	366.993131175629	-1.3682069341619414	0.15
06	20	276.29146888772453	-3.305390118335089	0.15
08	20	219.50168270594548	-4.482711701457797	0.15
10	20	180.36262532331605	-5.266602875206834	0.15
12	20	151.61203260569994	-5.820768423448095	0.15
14	20	129.51636416689303	-6.229391391650249	0.15
16	20	111.95868722226943	-6.540202260195814	0.15
18	20	97.64824589530954	-6.782285215077716	0.15
20	20	0.000000000000000	-6.974372715890539	0.15

curvefit1
Out[146]: array([-5.40712924e+00,  2.43446703e+01, -3.67432169e-03])

####################################################################
n_max	nmax_var	variance	E	b
0.00000000	20.00000000	0.20569978	-7.92218726	0.66874030 
2.00000000	20.00000000	0.08606766	-7.94540085	0.66874030 
4.00000000	20.00000000	0.00820363	-7.95208677	0.66874030 
6.00000000	20.00000000	0.00227177	-7.95254373	0.66874030 
8.00000000	20.00000000	0.00038930	-7.95264986	0.66874030 
10.00000000	20.00000000	0.00010815	-7.95266531	0.66874030 
12.00000000	20.00000000	0.00002586	-7.95266912	0.66874030 
14.00000000	20.00000000	0.00000778	-7.95266994	0.66874030 
16.00000000	20.0000000	0.00000227	-7.95267016	0.66874030 
18.00000000	20.00000000	0.00000074	-7.95267022	0.66874030 
20.00000000	20.00000000	-0.00000000	-7.95267024	0.66874030

curvefit1
Out[148]: array([-7.95257725,  0.78551059, -0.29998677])
####################################################################
nmax	nmax_var	var	E	b
00	20	3410.1141084374854	31.35242747858427	0.11
02	20	1873.3257781106058	12.813876505098577	0.11
04	20	1289.9475130970184	5.814014478561028	0.11
06	20	981.2681599486435	2.1380322630201003	0.11
08	20	789.6377096616168	-0.12223280119053519	0.11
10	20	658.7400576413884	-1.6484481665034705	0.11
12	20	563.4205396011243	-2.74511553658983	0.11
14	20	490.7468401382207	-3.5687994029099483	0.11
16	20	433.38844029562847	-4.20825870170191	0.11
18	20	386.87951707657083	-4.717575297658948	0.11
20	20	0.0000000000000000	-5.131585343148334	0.11

curvefit1
Out[162]: array([-1.92735097e+00,  4.55026599e+01, -1.94831197e-03])
